149892196.9841015
224781220.4683308
299601773.41530085
374331064.759781
448946331.23570895
523424844.3101017
597743917.1063873
671880911.3150469
745813244.0894634
819518394.9248751
892973912.5183399
966157421.6076189
1039046629.7868992
1111619334.2972755
1183853428.7899268
1255726910.0599232
1327217884.748615
1398304576.0125647
1468965330.1569798
1539178623.2316427
1608923067.587311
1678177418.3906047
1746920580.0953867
1815131612.8686721
1882789738.9691029
1949874349.0760498
2016365008.5674117
2082241463.7441971
2147483647.9999998
2212071687.9334807
2275985909.4019976
2339206843.51454
2401715232.562143
2463492035.8839684
2524518435.667281
2584775842.67953
2644245901.9308133
2702910498.2649827
2760751761.877699
2817752073.7597446
2873894071.063946
2929160652.3940635
2983534983.0140457
3037000499.9760494
3089540917.165676
3141140230.2628794
3191782721.617036
3241452965.0346937
3290135830.478543
3337816488.676166
3384480415.6371846
3430113397.077402
3474701532.748615
3518231240.672763
3560689261.279131
3602062661.443342
3642338838.426913
3681505523.7161703
3719550786.7593584
3756463038.6008024
3792231035.411014
3826843881.9116726
3860291034.6944323
3892562305.432544
